0.0  0.9509434  0.8794326  0.62068963  0.7149321  0.47899157  0.71361506  0.3316062  0.7619048  0.5888889  0.24309391  0.9263158  0.9509434  0.94372296  0.94372296  0.68240345  0.66803277  0.5064378  0.6294416  0.9338235  0.94372296  0.31413615  0.9221312  0.68421054  0.6392405  0.79527557  0.9532374  1.0  0.9266409  0.92460316  
0.9230769  0.0  0.9263158  1.0  1.0  1.0  0.92075473  0.92075473  0.9260563  0.9257951  0.76086956  1.0  0.86697245  0.8781726  0.6894737  0.88259107  0.73913044  0.89344263  0.9252669  0.9018868  0.9090909  0.8687783  0.9244604  0.9252669  0.9252669  0.63793105  0.7429719  0.52682924  0.88846153  0.87391305  
0.984127  0.99622643  0.0  0.77011496  0.94009215  0.6825397  0.7170732  0.73245615  0.9385965  0.94509804  0.96875  0.7352941  0.98859316  0.7327189  0.75652176  0.6931217  0.6965174  0.6704545  0.63684213  0.7835821  0.9868421  0.68717945  0.95473254  0.98880595  0.98920864  0.9886364  0.99640286  1.0  0.73333335  0.7777778  
0.4909091  1.0  0.8893805  0.0  0.35185188  0.46242774  0.5927602  0.61410785  0.11643833  0.4295302  0.59292036  0.98406374  0.9260563  0.9191176  0.99649125  0.6333333  0.5441177  0.5652174  0.44311374  0.725  0.9257951  0.83406115  0.59534883  0.4233129  0.19999999  0.67518246  1.0  1.0  0.75652176  0.78867924  
0.7085202  1.0  0.7472527  0.31491715  0.0  0.5066079  0.47887325  0.52340424  0.24675328  0.32903224  0.5022222  0.99649125  0.806338  0.7985348  1.0  0.6590909  0.57142854  0.51754385  0.25748503  0.68551236  0.8056537  0.6652174  0.5485232  0.25  0.27272725  0.5985402  1.0  1.0  0.875  0.8717949  
0.7037037  1.0  0.5707965  0.41450775  0.66091955  0.0  0.3699422  0.23163843  0.6875  0.7745098  0.5940594  0.749004  0.8545455  0.6654275  0.7662835  0.38423645  0.4170854  0.30645162  0.3233533  0.5748031  0.8433735  0.38461536  0.8033473  0.7282609  0.7422681  0.789272  1.0  1.0  0.6933333  0.71206224  
0.6755556  0.92075473  0.6447369  0.6683674  0.58285713  0.36158192  0.0  0.45728642  0.59487176  0.55825245  0.26011562  0.98015875  0.7061069  0.6168224  0.87081337  0.4367816  0.32402235  0.26666665  0.60368663  0.6755725  0.6666666  0.31176472  0.6580087  0.54748607  0.57142854  0.6798419  0.9244604  1.0  0.7941176  0.8242678  
0.40764332  0.92075473  0.7422222  0.7668394  0.70689654  0.2733333  0.51123595  0.0  0.66091955  0.6567164  0.14765102  0.98804784  0.78625953  0.72897196  0.8851675  0.2662722  0.6277778  0.21935487  0.5925926  0.76717556  0.7587719  0.26708072  0.74891776  0.6480447  0.6666666  0.7509881  0.9244604  1.0  0.8333333  0.8577406  
0.59751034  0.99245286  0.78676474  0.10828024  0.2235294  0.52380955  0.5603865  0.5066079  0.0  0.56281406  0.37430167  0.9263158  0.8631179  0.83486235  0.991342  0.6060606  0.55378485  0.53571427  0.38251364  0.662963  0.84210527  0.7091837  0.49514562  0.4583333  0.42328042  0.65134096  0.9928058  1.0  0.7840909  0.7782101  
0.5  0.98867923  0.8860294  0.31840795  0.2802198  0.6583333  0.5897436  0.60829496  0.56281406  0.0  0.5355191  0.98245615  0.9087452  0.88990825  0.987013  0.89711934  0.65432096  0.59487176  0.49411762  0.9114391  0.8947368  0.52  0.8333333  0.46948355  0.42380953  0.69140625  0.98920864  1.0  0.9846154  0.9846154  
0.29530203  0.75757575  0.6642857  0.69072163  0.64942527  0.58823526  0.28481013  0.13836479  0.38505745  0.48756218  0.0  0.969697  0.66159695  0.5917431  0.7522124  0.4488889  0.41584158  0.252809  0.29447854  0.6222222  0.6096491  0.20382166  0.5584415  0.38547486  0.41798943  0.55776894  0.78210115  0.995671  0.7335907  0.72619045  
0.99622643  1.0  0.7847534  0.8758865  0.99649125  0.84304935  0.8790036  0.8763251  0.99622643  0.9964413  0.92086333  0.0  1.0  0.8807018  0.8807018  0.85281384  0.8478261  0.87169814  0.8478261  0.8798587  1.0  0.87676054  1.0  1.0  1.0  1.0  0.8014184  1.0  0.85281384  0.8754579  
0.9230769  0.73540854  0.91872793  0.99245286  0.991342  0.95528454  0.8851675  0.8956522  0.908  0.91221374  0.88324875  1.0  0.0  0.34682083  0.24528301  0.70168066  0.85375494  0.79891306  0.9068826  0.44198895  0.8402062  0.576087  0.9057377  0.9141791  0.9172662  0.17391306  0.68202764  1.0  0.4557522  0.23837209  
0.7985348  0.6603054  0.6973684  0.9469697  0.94372296  0.9132653  0.64705884  0.68421054  0.728  0.740458  0.65482235  0.99603176  0.34682083  0.0  0.37654322  0.42702705  0.638191  0.57894737  0.6967213  0.6153846  0.62311554  0.46907216  0.72131145  0.74626863  0.75539565  0.47115386  0.6787003  1.0  0.4367816  0.398773  
0.7985348  0.5770925  0.75652176  0.99649125  1.0  0.8888889  0.7027027  0.7061069  0.806338  0.8056537  0.73913044  0.99603176  0.23493975  0.32972974  0.0  0.4248705  0.5260116  0.65929204  0.8  0.33766234  0.70558375  0.5866667  0.80215824  0.80427045  0.80427045  0.37566137  0.5125628  0.978355  0.40804595  0.33749998  
0.75  0.848249  0.5745614  0.6363636  0.8877551  0.48447204  0.40425533  0.2777778  0.7179487  0.83524907  0.6234568  0.78174603  0.7767442  0.4388889  0.46857142  0.0  0.41450775  0.20805371  0.5378151  0.5551181  0.81578946  0.38150287  0.7619048  0.74178404  0.75336325  0.6511628  0.8566176  1.0  0.45728642  0.4705882  
0.79512197  0.7522124  0.6222222  0.5751295  0.8457143  0.4882353  0.35151517  0.51598173  0.7988506  0.7871287  0.5  0.7768924  0.8674699  0.59345794  0.44607842  0.46242774  0.0  0.3121019  0.36419755  0.63385826  0.872807  0.37267083  0.85281384  0.73743016  0.75132275  0.6221198  0.7777778  0.85281384  0.6019417  0.6625514  
0.69005847  0.8384615  0.51754385  0.5969388  0.6704545  0.36305732  0.26666665  0.20606059  0.53846157  0.5603865  0.29411763  0.9166667  0.5903615  0.4626168  0.71291864  0.18452382  0.2752809  0.0  0.47926265  0.511811  0.6096491  0.087248325  0.6103896  0.4860335  0.5132275  0.543379  0.83461535  1.0  0.6893204  0.73662555  
0.58215964  0.9811321  0.5576037  0.3834197  0.26543212  0.31213874  0.655  0.43636364  0.40462428  0.42000002  0.28070176  0.7768924  0.85171103  0.8018868  0.9739131  0.72727275  0.32240438  0.60115606  0.0  0.8202247  0.80193233  0.3333333  0.79130435  0.5449438  0.64021164  0.73122525  0.9820144  1.0  0.93301433  0.94262296  
0.9477612  0.91923076  0.92105263  0.97129184  0.98477155  0.8202247  0.880597  0.8933333  0.9179487  0.94274807  0.9130435  0.9880952  0.4324324  0.6213592  0.2826087  0.8150289  0.8341969  0.80246913  0.92016804  0.0  0.814433  0.74594593  0.93073595  0.92488265  0.92825115  0.35576922  0.89908254  1.0  0.53488374  0.45405406  
0.7985348  0.7924528  0.795053  0.98867923  0.987013  0.85020244  0.7238095  0.74891776  0.768  0.77862597  0.70558375  1.0  0.6392157  0.5876777  0.6096491  0.76229507  0.77431905  0.70558375  0.67755103  0.63199997  0.0  0.52577317  0.76229507  0.7835821  0.79136693  0.6334661  0.80215824  1.0  0.7924528  0.6603054  
0.38709676  0.74708176  0.59555554  0.7701613  0.73205745  0.5063291  0.31360948  0.25595236  0.6069869  0.45049506  0.19875777  0.9920319  0.5096154  0.49726778  0.6839378  0.3687151  0.3243243  0.08666664  0.34117645  0.57740587  0.52577317  0.0  0.6352459  0.5299145  0.5491803  0.20129871  0.7610294  1.0  0.6780488  0.6775701  
0.8426966  0.9698113  0.8436364  0.6432161  0.72625697  0.8033473  0.73429954  0.7587719  0.5604396  0.8130081  0.701087  1.0  0.8403042  0.80733943  0.965368  0.7619048  0.78174603  0.71938777  0.7647059  0.7962963  0.81578946  0.78680205  0.0  0.74178404  0.75336325  0.789272  0.971223  1.0  0.92045456  0.91828793  
0.50431037  0.9811321  0.93639576  0.359375  0.24096388  0.5677966  0.4780488  0.5201794  0.48351645  0.57803464  0.39204544  1.0  0.93155897  0.9174312  0.978355  0.6839827  0.5523013  0.4484536  0.47317076  0.72962964  0.92105263  0.7045455  0.6839827  0.0  0.18124998  0.5770751  0.9820144  1.0  0.77272725  0.76653695  
0.44104803  0.9811321  0.9717314  0.20253164  0.2710843  0.61016953  0.52682924  0.5650224  0.45197737  0.5393939  0.44886363  1.0  0.9695817  0.96330273  0.978355  0.72727275  0.59414226  0.5  0.55504584  0.76666665  0.9649123  0.7613636  0.72727275  0.18709677  0.0  0.61660075  0.9820144  1.0  0.77272725  0.76653695  
0.8632479  0.49775785  0.9222615  0.9390863  0.9318182  0.8917749  0.8390244  0.85201794  0.8717949  0.8550725  0.8  1.0  0.18300653  0.5568182  0.42261904  0.49557525  0.66176474  0.63978493  0.8486239  0.4868421  0.81958765  0.19018406  0.8917749  0.8156425  0.82539684  0.0  0.55378485  0.991342  0.49333334  0.22560978  
0.970696  0.8333333  0.97192985  1.0  1.0  1.0  0.9698113  0.9698113  0.97183096  0.9717314  0.87391305  0.9826087  0.68202764  0.9543147  0.5396825  0.94331986  0.8521739  0.8930041  0.97153026  0.74242425  0.965368  0.9366516  0.971223  0.97153026  0.97153026  0.7988506  0.0  0.9090909  0.9461538  0.9391304  
1.0  0.57142854  1.0  1.0  1.0  1.0  1.0  1.0  1.0  1.0  0.80701756  1.0  1.0  1.0  0.80427045  1.0  0.78174603  1.0  1.0  1.0  1.0  1.0  1.0  1.0  1.0  0.806338  0.7924528  0.0  1.0  0.9929578  
0.8988764  0.8988327  0.6695652  0.75652176  0.9760956  0.718894  0.66393447  0.67460316  0.9039301  0.9078014  0.875576  0.78174603  0.63190186  0.40425533  0.38797814  0.51123595  0.60784316  0.6396396  0.7169118  0.44660193  0.9090909  0.6318182  0.9169811  0.9026549  0.9026549  0.64534885  0.9044118  1.0  0.0  0.18791944  
0.8726592  0.78210115  0.8521739  0.90869564  0.94820714  0.8632076  0.80737704  0.81349206  0.8733624  0.9078014  0.843318  0.9484127  0.26451612  0.34574467  0.3  0.53932583  0.7892157  0.8063063  0.8455882  0.45405406  0.8781726  0.66820276  0.89056605  0.87168145  0.87168145  0.2327044  0.7941176  0.9929578  0.16969699  0.0  

